3,2
3,1
3,3
10,94
10,246
10,98
10,74
10,232
10,244
9,3
8,6
8,18
8,5
8,13
8,2
8,3
48,3
48,1
47,3
47,2
47,1
46,3
46,2
46,1
45,3
45,1
44,4
44,3
44,1
42,3
42,1
39,3
39,1
37,3
37,1
35,3
35,1
33,4
33,3
33,1
28,3
28,1
25,3
25,1
20,3
20,2
20,1
19,3
19,2
19,1
12,3
12,2
12,1
11,29
18,1
11,28
18,3
11,27
11,26
11,25
11,24
11,23
11,22
11,21
11,20
14,1
11,19
14,3
11,18
13,1
11,17
13,3
11,16
11,15
11,14
11,13
11,12
11,11
11,10
11,9
11,8
11,7
11,6
11,5
11,4
11,3
11,2
11,1
10,313
10,311
10,308
10,306
10,300
10,299
10,298
10,296
10,294
10,288
10,282
2,2
10,275
10,274
2,1
10,273
2,3
10,272
10,264
